Sample	0	1	2	3	4	5	6	7	8	9	10	11	12	13	14
MSD-1-RNASeq030-Ilmn-mRNA_S1_L001_R1_paired	(25.0, 1.0)	(26.0, 53.0)	(27.0, 714.0)	(28.0, 5165.0)	(29.0, 25918.0)	(30.0, 88152.0)	(31.0, 229256.0)	(32.0, 464089.0)	(33.0, 841920.0)	(34.0, 1460340.0)	(35.0, 3314416.0)	(36.0, 17695156.0)	(37.0, 1152322.0)		
MSD-1-RNASeq030-Ilmn-mRNA_S1_L001_R2_paired	(24.0, 1.0)	(25.0, 33.0)	(26.0, 402.0)	(27.0, 3178.0)	(28.0, 15273.0)	(29.0, 53910.0)	(30.0, 146336.0)	(31.0, 331014.0)	(32.0, 630113.0)	(33.0, 1122290.0)	(34.0, 2006204.0)	(35.0, 5026777.0)	(36.0, 15529411.0)	(37.0, 412560.0)	
MSD-10-RNASeq030-Ilmn-mRNA_S10_L001_R1_paired	(25.0, 3.0)	(26.0, 57.0)	(27.0, 713.0)	(28.0, 4846.0)	(29.0, 24497.0)	(30.0, 84192.0)	(31.0, 218835.0)	(32.0, 445806.0)	(33.0, 811112.0)	(34.0, 1425327.0)	(35.0, 3273709.0)	(36.0, 17254039.0)	(37.0, 970829.0)		
MSD-10-RNASeq030-Ilmn-mRNA_S10_L001_R2_paired	(23.0, 1.0)	(24.0, 2.0)	(25.0, 28.0)	(26.0, 467.0)	(27.0, 3245.0)	(28.0, 14561.0)	(29.0, 51216.0)	(30.0, 138622.0)	(31.0, 316369.0)	(32.0, 607331.0)	(33.0, 1086951.0)	(34.0, 1940510.0)	(35.0, 4814627.0)	(36.0, 15170785.0)	(37.0, 369250.0)
MSD-11-RNASeq030-Ilmn-mRNA_S11_L001_R1_paired	(25.0, 2.0)	(26.0, 50.0)	(27.0, 698.0)	(28.0, 4974.0)	(29.0, 25439.0)	(30.0, 85868.0)	(31.0, 222746.0)	(32.0, 454481.0)	(33.0, 826900.0)	(34.0, 1446952.0)	(35.0, 3315709.0)	(36.0, 17907060.0)	(37.0, 1140163.0)		
MSD-11-RNASeq030-Ilmn-mRNA_S11_L001_R2_paired	(24.0, 1.0)	(25.0, 49.0)	(26.0, 536.0)	(27.0, 3799.0)	(28.0, 16912.0)	(29.0, 59602.0)	(30.0, 158431.0)	(31.0, 355732.0)	(32.0, 670353.0)	(33.0, 1189586.0)	(34.0, 2124854.0)	(35.0, 5322797.0)	(36.0, 15156736.0)	(37.0, 371654.0)	
MSD-12-RNASeq030-Ilmn-mRNA_S12_L001_R1_paired	(25.0, 3.0)	(26.0, 84.0)	(27.0, 913.0)	(28.0, 6496.0)	(29.0, 33132.0)	(30.0, 112345.0)	(31.0, 291477.0)	(32.0, 592115.0)	(33.0, 1074302.0)	(34.0, 1889217.0)	(35.0, 4451490.0)	(36.0, 18292839.0)	(37.0, 696574.0)		
MSD-12-RNASeq030-Ilmn-mRNA_S12_L001_R2_paired	(24.0, 3.0)	(25.0, 31.0)	(26.0, 316.0)	(27.0, 2373.0)	(28.0, 11018.0)	(29.0, 40273.0)	(30.0, 115102.0)	(31.0, 276111.0)	(32.0, 559765.0)	(33.0, 1055390.0)	(34.0, 1961582.0)	(35.0, 4882168.0)	(36.0, 17953562.0)	(37.0, 583293.0)	
MSD-13-RNASeq030-Ilmn-mRNA_S13_L001_R1_paired	(25.0, 5.0)	(26.0, 62.0)	(27.0, 734.0)	(28.0, 5287.0)	(29.0, 26446.0)	(30.0, 89810.0)	(31.0, 230966.0)	(32.0, 465359.0)	(33.0, 832023.0)	(34.0, 1438140.0)	(35.0, 3328537.0)	(36.0, 16289834.0)	(37.0, 744864.0)		
MSD-13-RNASeq030-Ilmn-mRNA_S13_L001_R2_paired	(25.0, 30.0)	(26.0, 318.0)	(27.0, 2349.0)	(28.0, 10874.0)	(29.0, 39711.0)	(30.0, 110360.0)	(31.0, 259588.0)	(32.0, 507882.0)	(33.0, 934658.0)	(34.0, 1710061.0)	(35.0, 4347773.0)	(36.0, 15086523.0)	(37.0, 441940.0)		
MSD-14-RNASeq030-Ilmn-mRNA_S14_L001_R1_paired	(25.0, 1.0)	(26.0, 47.0)	(27.0, 723.0)	(28.0, 5010.0)	(29.0, 25206.0)	(30.0, 84772.0)	(31.0, 220777.0)	(32.0, 448836.0)	(33.0, 815474.0)	(34.0, 1433458.0)	(35.0, 3396960.0)	(36.0, 15536276.0)	(37.0, 641513.0)		
MSD-14-RNASeq030-Ilmn-mRNA_S14_L001_R2_paired	(24.0, 5.0)	(25.0, 34.0)	(26.0, 363.0)	(27.0, 2768.0)	(28.0, 12594.0)	(29.0, 44646.0)	(30.0, 123737.0)	(31.0, 284951.0)	(32.0, 551020.0)	(33.0, 999520.0)	(34.0, 1825862.0)	(35.0, 4654186.0)	(36.0, 13732895.0)	(37.0, 376472.0)	
MSD-15-RNASeq030-Ilmn-mRNA_S15_L001_R1_paired	(25.0, 2.0)	(26.0, 48.0)	(27.0, 664.0)	(28.0, 4565.0)	(29.0, 23252.0)	(30.0, 77974.0)	(31.0, 201286.0)	(32.0, 406388.0)	(33.0, 728425.0)	(34.0, 1263476.0)	(35.0, 2897495.0)	(36.0, 15496310.0)	(37.0, 854439.0)		
MSD-15-RNASeq030-Ilmn-mRNA_S15_L001_R2_paired	(24.0, 2.0)	(25.0, 35.0)	(26.0, 329.0)	(27.0, 2737.0)	(28.0, 12619.0)	(29.0, 44056.0)	(30.0, 119243.0)	(31.0, 271179.0)	(32.0, 516480.0)	(33.0, 920378.0)	(34.0, 1648431.0)	(35.0, 4127266.0)	(36.0, 13912505.0)	(37.0, 379064.0)	
MSD-16-RNASeq030-Ilmn-mRNA_S16_L001_R1_paired	(25.0, 4.0)	(26.0, 59.0)	(27.0, 869.0)	(28.0, 6221.0)	(29.0, 30661.0)	(30.0, 102240.0)	(31.0, 263764.0)	(32.0, 535149.0)	(33.0, 973684.0)	(34.0, 1729768.0)	(35.0, 4135091.0)	(36.0, 16556767.0)	(37.0, 606945.0)		
MSD-16-RNASeq030-Ilmn-mRNA_S16_L001_R2_paired	(23.0, 1.0)	(24.0, 1.0)	(25.0, 55.0)	(26.0, 448.0)	(27.0, 3102.0)	(28.0, 14181.0)	(29.0, 49987.0)	(30.0, 136210.0)	(31.0, 317519.0)	(32.0, 625581.0)	(33.0, 1158359.0)	(34.0, 2122338.0)	(35.0, 5264293.0)	(36.0, 14863078.0)	(37.0, 386069.0)
MSD-17-RNASeq030-Ilmn-mRNA_S17_L001_R1_paired	(25.0, 8.0)	(26.0, 172.0)	(27.0, 1885.0)	(28.0, 12063.0)	(29.0, 52600.0)	(30.0, 160137.0)	(31.0, 387166.0)	(32.0, 755758.0)	(33.0, 1396696.0)	(34.0, 2729477.0)	(35.0, 6357707.0)	(36.0, 6311756.0)	(37.0, 43019.0)		
MSD-17-RNASeq030-Ilmn-mRNA_S17_L001_R2_paired	(24.0, 1.0)	(25.0, 5.0)	(26.0, 71.0)	(27.0, 529.0)	(28.0, 2530.0)	(29.0, 10109.0)	(30.0, 31517.0)	(31.0, 84119.0)	(32.0, 197361.0)	(33.0, 439405.0)	(34.0, 1003840.0)	(35.0, 3369021.0)	(36.0, 12644944.0)	(37.0, 424992.0)	
MSD-18-RNASeq030-Ilmn-mRNA_S18_L001_R1_paired	(25.0, 4.0)	(26.0, 49.0)	(27.0, 581.0)	(28.0, 4218.0)	(29.0, 20670.0)	(30.0, 68083.0)	(31.0, 171229.0)	(32.0, 337701.0)	(33.0, 603383.0)	(34.0, 1035563.0)	(35.0, 2262859.0)	(36.0, 12566382.0)	(37.0, 921742.0)		
MSD-18-RNASeq030-Ilmn-mRNA_S18_L001_R2_paired	(25.0, 23.0)	(26.0, 240.0)	(27.0, 1776.0)	(28.0, 8453.0)	(29.0, 30733.0)	(30.0, 84661.0)	(31.0, 196595.0)	(32.0, 379808.0)	(33.0, 684207.0)	(34.0, 1222386.0)	(35.0, 3046895.0)	(36.0, 11851271.0)	(37.0, 485416.0)		
MSD-2-RNASeq030-Ilmn-mRNA_S2_L001_R1_paired	(25.0, 2.0)	(26.0, 56.0)	(27.0, 607.0)	(28.0, 4659.0)	(29.0, 23590.0)	(30.0, 80266.0)	(31.0, 211129.0)	(32.0, 435670.0)	(33.0, 796087.0)	(34.0, 1395570.0)	(35.0, 3193909.0)	(36.0, 17615261.0)	(37.0, 968226.0)		
MSD-2-RNASeq030-Ilmn-mRNA_S2_L001_R2_paired	(23.0, 1.0)	(24.0, 0.0)	(25.0, 36.0)	(26.0, 437.0)	(27.0, 3367.0)	(28.0, 15585.0)	(29.0, 54569.0)	(30.0, 147939.0)	(31.0, 335157.0)	(32.0, 635238.0)	(33.0, 1125506.0)	(34.0, 1996532.0)	(35.0, 4918971.0)	(36.0, 15064279.0)	(37.0, 427415.0)
MSD-3-RNASeq030-Ilmn-mRNA_S3_L001_R1_paired	(25.0, 2.0)	(26.0, 49.0)	(27.0, 628.0)	(28.0, 4572.0)	(29.0, 22131.0)	(30.0, 74296.0)	(31.0, 191298.0)	(32.0, 387992.0)	(33.0, 707048.0)	(34.0, 1237432.0)	(35.0, 2803362.0)	(36.0, 15999972.0)	(37.0, 1121273.0)		
MSD-3-RNASeq030-Ilmn-mRNA_S3_L001_R2_paired	(25.0, 33.0)	(26.0, 414.0)	(27.0, 3165.0)	(28.0, 14444.0)	(29.0, 50980.0)	(30.0, 134843.0)	(31.0, 302608.0)	(32.0, 565494.0)	(33.0, 997430.0)	(34.0, 1768863.0)	(35.0, 4428246.0)	(36.0, 13906791.0)	(37.0, 376744.0)		
MSD-4-RNASeq030-Ilmn-mRNA_S4_L001_R1_paired	(25.0, 2.0)	(26.0, 51.0)	(27.0, 578.0)	(28.0, 4130.0)	(29.0, 20750.0)	(30.0, 69201.0)	(31.0, 181673.0)	(32.0, 373661.0)	(33.0, 688668.0)	(34.0, 1226768.0)	(35.0, 2898254.0)	(36.0, 15207161.0)	(37.0, 850686.0)		
MSD-4-RNASeq030-Ilmn-mRNA_S4_L001_R2_paired	(25.0, 50.0)	(26.0, 474.0)	(27.0, 3430.0)	(28.0, 15291.0)	(29.0, 52475.0)	(30.0, 139068.0)	(31.0, 309785.0)	(32.0, 582708.0)	(33.0, 1031393.0)	(34.0, 1835929.0)	(35.0, 4518300.0)	(36.0, 12672680.0)	(37.0, 360000.0)		
MSD-5-RNASeq030-Ilmn-mRNA_S5_L001_R1_paired	(25.0, 4.0)	(26.0, 53.0)	(27.0, 633.0)	(28.0, 4831.0)	(29.0, 22961.0)	(30.0, 77679.0)	(31.0, 198174.0)	(32.0, 399950.0)	(33.0, 720574.0)	(34.0, 1245190.0)	(35.0, 2857075.0)	(36.0, 15271743.0)	(37.0, 870139.0)		
MSD-5-RNASeq030-Ilmn-mRNA_S5_L001_R2_paired	(24.0, 3.0)	(25.0, 25.0)	(26.0, 333.0)	(27.0, 2757.0)	(28.0, 12417.0)	(29.0, 43744.0)	(30.0, 117378.0)	(31.0, 266273.0)	(32.0, 508990.0)	(33.0, 910082.0)	(34.0, 1635978.0)	(35.0, 4082251.0)	(36.0, 13669493.0)	(37.0, 419282.0)	
MSD-6-RNASeq030-Ilmn-mRNA_S6_L001_R1_paired	(26.0, 41.0)	(27.0, 564.0)	(28.0, 4145.0)	(29.0, 20346.0)	(30.0, 67749.0)	(31.0, 172909.0)	(32.0, 346565.0)	(33.0, 622659.0)	(34.0, 1087454.0)	(35.0, 2502049.0)	(36.0, 11767262.0)	(37.0, 615370.0)			
MSD-6-RNASeq030-Ilmn-mRNA_S6_L001_R2_paired	(25.0, 17.0)	(26.0, 249.0)	(27.0, 2034.0)	(28.0, 9574.0)	(29.0, 34200.0)	(30.0, 94154.0)	(31.0, 214874.0)	(32.0, 418047.0)	(33.0, 763244.0)	(34.0, 1392896.0)	(35.0, 3578532.0)	(36.0, 10381981.0)	(37.0, 317311.0)		
MSD-7-RNASeq030-Ilmn-mRNA_S7_L001_R1_paired	(25.0, 1.0)	(26.0, 52.0)	(27.0, 597.0)	(28.0, 4580.0)	(29.0, 22240.0)	(30.0, 77092.0)	(31.0, 199393.0)	(32.0, 406468.0)	(33.0, 737818.0)	(34.0, 1284239.0)	(35.0, 2973754.0)	(36.0, 15328632.0)	(37.0, 865941.0)		
MSD-7-RNASeq030-Ilmn-mRNA_S7_L001_R2_paired	(24.0, 1.0)	(25.0, 25.0)	(26.0, 338.0)	(27.0, 2845.0)	(28.0, 12940.0)	(29.0, 45254.0)	(30.0, 121303.0)	(31.0, 274998.0)	(32.0, 526027.0)	(33.0, 943043.0)	(34.0, 1701107.0)	(35.0, 4317629.0)	(36.0, 13562560.0)	(37.0, 392737.0)	
MSD-8-RNASeq030-Ilmn-mRNA_S8_L001_R1_paired	(25.0, 7.0)	(26.0, 171.0)	(27.0, 1928.0)	(28.0, 12191.0)	(29.0, 53561.0)	(30.0, 163383.0)	(31.0, 390320.0)	(32.0, 755133.0)	(33.0, 1358903.0)	(34.0, 2584265.0)	(35.0, 6655129.0)	(36.0, 9442290.0)	(37.0, 61308.0)		
MSD-8-RNASeq030-Ilmn-mRNA_S8_L001_R2_paired	(24.0, 2.0)	(25.0, 6.0)	(26.0, 112.0)	(27.0, 784.0)	(28.0, 3995.0)	(29.0, 14840.0)	(30.0, 45429.0)	(31.0, 118833.0)	(32.0, 267677.0)	(33.0, 573803.0)	(34.0, 1248551.0)	(35.0, 3913881.0)	(36.0, 14862952.0)	(37.0, 427724.0)	
MSD-9-RNASeq030-Ilmn-mRNA_S9_L001_R1_paired	(25.0, 2.0)	(26.0, 45.0)	(27.0, 638.0)	(28.0, 4554.0)	(29.0, 22659.0)	(30.0, 76000.0)	(31.0, 195816.0)	(32.0, 394730.0)	(33.0, 715344.0)	(34.0, 1255997.0)	(35.0, 2963182.0)	(36.0, 12423084.0)	(37.0, 469359.0)		
MSD-9-RNASeq030-Ilmn-mRNA_S9_L001_R2_paired	(24.0, 2.0)	(25.0, 29.0)	(26.0, 331.0)	(27.0, 2419.0)	(28.0, 10834.0)	(29.0, 37955.0)	(30.0, 103729.0)	(31.0, 239947.0)	(32.0, 467821.0)	(33.0, 851758.0)	(34.0, 1558578.0)	(35.0, 3876846.0)	(36.0, 11115643.0)	(37.0, 255518.0)	
