Sample	0	1	2	3	4	5	6	7	8	9	10	11	12	13	14	15
MSD-1-RNASeq030-Ilmn-mRNA_S1_L001_R1_paired	(1.0, 15.832393307010284)	(2.0, 7.143474548301144)	(3.0, 3.885177617279928)	(4.0, 2.532183301915715)	(5.0, 1.888290053832199)	(6.0, 1.4658188530428302)	(7.0, 1.1851101815730167)	(8.0, 1.0368405016846005)	(9.0, 0.9627229357874908)	('>10', 14.712458588138217)	('>50', 7.153088935493615)	('>100', 19.467184576050613)	('>500', 8.504478946789526)	('>1k', 12.108361062778123)	('>5k', 1.6405537082732042)	('>10k+', 0.481862882049632)
MSD-1-RNASeq030-Ilmn-mRNA_S1_L001_R2_paired	(1.0, 18.68746521895957)	(2.0, 7.36305620639677)	(3.0, 3.8556394683603417)	(4.0, 2.4624092107945987)	(5.0, 1.771824980870918)	(6.0, 1.4163258038321913)	(7.0, 1.16956901014967)	(8.0, 1.0324676721125081)	(9.0, 0.9232054076842754)	('>10', 15.603598934654197)	('>50', 8.685376810461754)	('>100', 22.22901573415265)	('>500', 7.620910930118095)	('>1k', 6.757328438353709)	('>5k', 0.32782913177845346)	('>10k+', 0.09397704132019843)
MSD-10-RNASeq030-Ilmn-mRNA_S10_L001_R1_paired	(1.0, 17.154799499904435)	(2.0, 6.86602633272156)	(3.0, 3.579760505842859)	(4.0, 2.4068226465784015)	(5.0, 1.7274917729819088)	(6.0, 1.377467211260012)	(7.0, 1.2031191126452792)	(8.0, 1.0085871279380023)	(9.0, 0.9072821753597112)	('>10', 14.643397753829927)	('>50', 7.103784004941216)	('>100', 20.12678348935776)	('>500', 8.377664880866284)	('>1k', 11.450534576728074)	('>5k', 1.6915751404538235)	('>10k+', 0.37490376859107505)
MSD-10-RNASeq030-Ilmn-mRNA_S10_L001_R2_paired	(1.0, 19.73359100764004)	(2.0, 6.835064720554923)	(3.0, 3.5216930402871043)	(4.0, 2.2790031496622123)	(5.0, 1.6893625648019484)	(6.0, 1.4006099360317803)	(7.0, 1.1462262754657873)	(8.0, 0.9534262302613046)	(9.0, 0.8666959671059343)	('>10', 15.850750580832862)	('>50', 8.716505953530582)	('>100', 22.389755088454656)	('>500', 7.445720852739759)	('>1k', 6.867797682796334)	('>5k', 0.2513599138952884)	('>10k+', 0.05243703593947794)
MSD-11-RNASeq030-Ilmn-mRNA_S11_L001_R1_paired	(1.0, 17.214653960696598)	(2.0, 7.124606621295284)	(3.0, 3.797994789722029)	(4.0, 2.455024476170071)	(5.0, 1.824942108719755)	(6.0, 1.479289934540158)	(7.0, 1.2583461891462961)	(8.0, 1.0535511072383132)	(9.0, 0.9313123804371767)	('>10', 15.267582649722005)	('>50', 7.350006951500338)	('>100', 19.54106119788735)	('>500', 7.913707757121681)	('>1k', 10.884165052944459)	('>5k', 1.4857453203384543)	('>10k+', 0.41800950252002395)
MSD-11-RNASeq030-Ilmn-mRNA_S11_L001_R2_paired	(1.0, 19.96014479968039)	(2.0, 7.1558406799879615)	(3.0, 3.6734067032370024)	(4.0, 2.390008143787523)	(5.0, 1.810849327372718)	(6.0, 1.4694003526335446)	(7.0, 1.238165847441444)	(8.0, 1.081641649868991)	(9.0, 0.9813920881618375)	('>10', 16.688311223186577)	('>50', 9.064383944467073)	('>100', 21.308553113142104)	('>500', 6.895222743071703)	('>1k', 5.961987020671198)	('>5k', 0.2604135023181664)	('>10k+', 0.06027886097160633)
MSD-12-RNASeq030-Ilmn-mRNA_S12_L001_R1_paired	(1.0, 19.69783053168387)	(2.0, 7.018932838891279)	(3.0, 3.803256451932132)	(4.0, 2.4811308975487423)	(5.0, 1.8293662204861874)	(6.0, 1.4926831974344332)	(7.0, 1.2706363479216778)	(8.0, 1.1334048332230018)	(9.0, 0.9485453386701265)	('>10', 15.810249488697414)	('>50', 7.382292491246516)	('>100', 19.70103687429285)	('>500', 7.645885757609322)	('>1k', 8.692428182393778)	('>5k', 0.970448218826696)	('>10k+', 0.12187232914181315)
MSD-12-RNASeq030-Ilmn-mRNA_S12_L001_R2_paired	(1.0, 20.443126399680867)	(2.0, 7.1449883238596525)	(3.0, 3.572603914728594)	(4.0, 2.496680256364357)	(5.0, 1.8522955268676515)	(6.0, 1.503315202452542)	(7.0, 1.2962821214233076)	(8.0, 1.098622805191834)	(9.0, 0.9850088333529664)	('>10', 16.65675587273437)	('>50', 8.60024409156531)	('>100', 21.17469080880639)	('>500', 6.698060426106328)	('>1k', 6.125596457420795)	('>5k', 0.20065568395823918)	('>10k+', 0.1510732754870462)
MSD-13-RNASeq030-Ilmn-mRNA_S13_L001_R1_paired	(1.0, 16.367063222888746)	(2.0, 7.28790246668313)	(3.0, 4.025649919369297)	(4.0, 2.5490298502147257)	(5.0, 1.8496312396155452)	(6.0, 1.459860578676894)	(7.0, 1.251814110984022)	(8.0, 1.0467138340970608)	(9.0, 0.950528483982574)	('>10', 15.138174194631635)	('>50', 7.304948197644805)	('>100', 19.859462948324868)	('>500', 8.113312389137114)	('>1k', 10.480883594822137)	('>5k', 1.8897490031030393)	('>10k+', 0.425275965824158)
MSD-13-RNASeq030-Ilmn-mRNA_S13_L001_R2_paired	(1.0, 18.285729117966007)	(2.0, 7.117309286776333)	(3.0, 3.857143651201813)	(4.0, 2.4459203144606656)	(5.0, 1.863633771040163)	(6.0, 1.4625416250189531)	(7.0, 1.2031228561225453)	(8.0, 1.0560759539783435)	(9.0, 0.9434171581021323)	('>10', 16.348451372082202)	('>50', 8.84341277605129)	('>100', 21.706114015719148)	('>500', 7.383674035419922)	('>1k', 7.075151313951316)	('>5k', 0.2968300910390878)	('>10k+', 0.11147266107020525)
MSD-14-RNASeq030-Ilmn-mRNA_S14_L001_R1_paired	(1.0, 20.233486678342064)	(2.0, 7.294981402649856)	(3.0, 3.787438845803554)	(4.0, 2.4400430484898683)	(5.0, 1.8680938832422889)	(6.0, 1.4676998189061086)	(7.0, 1.2793760060121844)	(8.0, 1.1138581352192496)	(9.0, 0.9826535060450534)	('>10', 15.310970605427512)	('>50', 7.516476352190042)	('>100', 19.432494273533184)	('>500', 7.396063939055396)	('>1k', 8.405654520177674)	('>5k', 1.135124766441598)	('>10k+', 0.3355842184640966)
MSD-14-RNASeq030-Ilmn-mRNA_S14_L001_R2_paired	(1.0, 22.374237681707886)	(2.0, 7.30139062445287)	(3.0, 3.6611848212186557)	(4.0, 2.359895056131522)	(5.0, 1.7991413086943957)	(6.0, 1.4597932087827477)	(7.0, 1.2259479914064544)	(8.0, 1.0689954231883636)	(9.0, 0.9207140658168038)	('>10', 16.552734118767358)	('>50', 8.88277660465788)	('>100', 20.806502903937226)	('>500', 6.115744022830221)	('>1k', 5.197134835472997)	('>5k', 0.27380733293482457)	('>10k+', 0.0)
MSD-15-RNASeq030-Ilmn-mRNA_S15_L001_R1_paired	(1.0, 19.47778030051349)	(2.0, 6.581157212561281)	(3.0, 3.4722819421301954)	(4.0, 2.295239938809145)	(5.0, 1.7681150145329085)	(6.0, 1.4329452189688883)	(7.0, 1.1907291116621195)	(8.0, 1.1056369317414438)	(9.0, 0.9464336867169684)	('>10', 15.06176343683389)	('>50', 7.298578251092974)	('>100', 19.211438619787323)	('>500', 7.807381290311727)	('>1k', 10.120333717265558)	('>5k', 1.6324518188605721)	('>10k+', 0.5977335082114118)
MSD-15-RNASeq030-Ilmn-mRNA_S15_L001_R2_paired	(1.0, 21.379940315096988)	(2.0, 6.497037730386829)	(3.0, 3.481148592046115)	(4.0, 2.336805194097799)	(5.0, 1.7895843453664992)	(6.0, 1.4694134151293745)	(7.0, 1.2088640929995456)	(8.0, 1.0479596229066384)	(9.0, 0.9240370386046662)	('>10', 16.701899611881878)	('>50', 8.642999424477791)	('>100', 20.720406578570728)	('>500', 6.795722064562115)	('>1k', 6.601112158769077)	('>5k', 0.34533109797256534)	('>10k+', 0.057738717131391136)
MSD-16-RNASeq030-Ilmn-mRNA_S16_L001_R1_paired	(1.0, 16.979025370603317)	(2.0, 5.695969821229937)	(3.0, 3.0947474719628083)	(4.0, 2.0618157379782995)	(5.0, 1.5987285100869502)	(6.0, 1.277444148565321)	(7.0, 1.1629399872113888)	(8.0, 0.919329039304544)	(9.0, 0.834676385615892)	('>10', 14.220775319115358)	('>50', 7.304660487686214)	('>100', 21.22001361600076)	('>500', 9.180219767917084)	('>1k', 12.560892799932358)	('>5k', 1.358868010550274)	('>10k+', 0.5298935262396076)
MSD-16-RNASeq030-Ilmn-mRNA_S16_L001_R2_paired	(1.0, 18.075112725007937)	(2.0, 5.816567654990359)	(3.0, 2.9419887404493994)	(4.0, 1.9786335409126503)	(5.0, 1.4912466531296358)	(6.0, 1.198401085232752)	(7.0, 1.0169677102732129)	(8.0, 0.9901374059307512)	(9.0, 0.8288817808904694)	('>10', 14.593027722997679)	('>50', 8.756087296037043)	('>100', 24.275120562457158)	('>500', 8.970801513952127)	('>1k', 8.685712661504812)	('>5k', 0.27616704740625975)	('>10k+', 0.10514589882786314)
MSD-17-RNASeq030-Ilmn-mRNA_S17_L001_R1_paired	(1.0, 19.147637972262395)	(2.0, 7.321844963897832)	(3.0, 3.773293231660245)	(4.0, 2.447047623402161)	(5.0, 1.7922441326707568)	(6.0, 1.4474586232892326)	(7.0, 1.16711897242166)	(8.0, 1.0146578250500498)	(9.0, 0.9437978345143042)	('>10', 14.974835529180055)	('>50', 7.53291946225387)	('>100', 19.90991449083169)	('>500', 7.418691112957468)	('>1k', 8.782440521346695)	('>5k', 1.3723247092284165)	('>10k+', 0.9537729950330723)
MSD-17-RNASeq030-Ilmn-mRNA_S17_L001_R2_paired	(1.0, 17.679733065377945)	(2.0, 7.086554399210838)	(3.0, 3.628751509886868)	(4.0, 2.235289082632662)	(5.0, 1.6810937692064178)	(6.0, 1.3125630146180316)	(7.0, 1.1624784727023278)	(8.0, 0.9506460335937199)	(9.0, 0.912020417888931)	('>10', 16.55756914367939)	('>50', 9.202908749708397)	('>100', 22.57469331914962)	('>500', 7.2148265584060844)	('>1k', 7.204872968433109)	('>5k', 0.3417336949994009)	('>10k+', 0.2542658005063053)
MSD-18-RNASeq030-Ilmn-mRNA_S18_L001_R1_paired	(1.0, 15.760458634684907)	(2.0, 7.0997851962654295)	(3.0, 3.793459392067411)	(4.0, 2.564496106306282)	(5.0, 1.881803452861246)	(6.0, 1.5664966778658984)	(7.0, 1.2219990767465136)	(8.0, 1.0662507985002945)	(9.0, 0.9716884976782318)	('>10', 15.937091186825228)	('>50', 8.097189501454787)	('>100', 21.82578985256891)	('>500', 8.02203615035155)	('>1k', 9.33689788716702)	('>5k', 0.7902082509710142)	('>10k+', 0.06434933768514597)
MSD-18-RNASeq030-Ilmn-mRNA_S18_L001_R2_paired	(1.0, 18.767565847879304)	(2.0, 7.132089199976364)	(3.0, 3.765083992227021)	(4.0, 2.5022953943776356)	(5.0, 1.8035979461819542)	(6.0, 1.5096057180188556)	(7.0, 1.2498274879697582)	(8.0, 1.029264388407005)	(9.0, 0.9657512921972002)	('>10', 17.86192644330233)	('>50', 9.50473685247044)	('>100', 22.159518389880656)	('>500', 6.743738933064673)	('>1k', 4.572872669824468)	('>5k', 0.03532368475276177)	('>10k+', 0.396801759469621)
MSD-2-RNASeq030-Ilmn-mRNA_S2_L001_R1_paired	(1.0, 17.8761700138144)	(2.0, 7.176828653981223)	(3.0, 3.890623388795652)	(4.0, 2.5896195705954983)	(5.0, 1.9580052308472529)	(6.0, 1.518500888907189)	(7.0, 1.2884580913068953)	(8.0, 1.140178449075379)	(9.0, 1.001546158001111)	('>10', 16.194474474189256)	('>50', 7.612315751999328)	('>100', 19.61058055653899)	('>500', 7.744265957415303)	('>1k', 9.020772062761912)	('>5k', 1.059257973242456)	('>10k+', 0.31840277852831306)
MSD-2-RNASeq030-Ilmn-mRNA_S2_L001_R2_paired	(1.0, 20.25208415100825)	(2.0, 7.197177208621988)	(3.0, 3.803501035277578)	(4.0, 2.551350293694775)	(5.0, 1.9649554918063792)	(6.0, 1.510235973413861)	(7.0, 1.3122615389296786)	(8.0, 1.1721282073357737)	(9.0, 1.0482211040256393)	('>10', 17.626611542249922)	('>50', 9.137338031282955)	('>100', 21.067874382507863)	('>500', 6.348711128187793)	('>1k', 4.883076249009368)	('>5k', 0.1244736626483028)	('>10k+', 0.0)
MSD-3-RNASeq030-Ilmn-mRNA_S3_L001_R1_paired	(1.0, 14.612450857485854)	(2.0, 7.021954912743716)	(3.0, 4.019436999203803)	(4.0, 2.685677134737403)	(5.0, 1.9176472583891122)	(6.0, 1.5159182235652857)	(7.0, 1.2776774080291244)	(8.0, 1.1321971641555075)	(9.0, 0.9978418514402472)	('>10', 16.07070861438336)	('>50', 7.763416610557544)	('>100', 20.532471275579418)	('>500', 8.207875636946552)	('>1k', 10.78181070520829)	('>5k', 1.2558145488722965)	('>10k+', 0.20710079870238499)
MSD-3-RNASeq030-Ilmn-mRNA_S3_L001_R2_paired	(1.0, 17.838389846994566)	(2.0, 7.225562334866698)	(3.0, 3.911583832770718)	(4.0, 2.460975711670767)	(5.0, 1.8664163390281447)	(6.0, 1.5280130078156606)	(7.0, 1.2875769887849005)	(8.0, 1.095447113035913)	(9.0, 0.9590978550005701)	('>10', 17.55518504800207)	('>50', 9.25043888685226)	('>100', 22.13703077030061)	('>500', 6.98174252060115)	('>1k', 5.689605765530541)	('>5k', 0.16095734391441255)	('>10k+', 0.05197663483111082)
MSD-4-RNASeq030-Ilmn-mRNA_S4_L001_R1_paired	(1.0, 18.035595737008457)	(2.0, 7.085544094221946)	(3.0, 3.763684966040233)	(4.0, 2.449426183062781)	(5.0, 1.8267777564357008)	(6.0, 1.4980521147678485)	(7.0, 1.2516285596764793)	(8.0, 1.0970560706963073)	(9.0, 1.0032630424344045)	('>10', 15.532348329517646)	('>50', 7.5550773236757545)	('>100', 19.917128541256123)	('>500', 7.588133202074168)	('>1k', 10.041671436056951)	('>5k', 1.157280366736698)	('>10k+', 0.1973322763386269)
MSD-4-RNASeq030-Ilmn-mRNA_S4_L001_R2_paired	(1.0, 20.7446821235915)	(2.0, 7.168071156815901)	(3.0, 3.6315111545677263)	(4.0, 2.400006483582665)	(5.0, 1.7833575366399388)	(6.0, 1.4127994683169878)	(7.0, 1.2658520794304602)	(8.0, 1.0338142205559084)	(9.0, 0.9292406085030249)	('>10', 16.70914029870981)	('>50', 8.926190878446118)	('>100', 21.13450570170584)	('>500', 6.483232559068217)	('>1k', 5.9918443679726)	('>5k', 0.32243961652592157)	('>10k+', 0.0633117455671797)
MSD-5-RNASeq030-Ilmn-mRNA_S5_L001_R1_paired	(1.0, 17.87337498954629)	(2.0, 7.690946157499617)	(3.0, 4.075202332258562)	(4.0, 2.568497534779742)	(5.0, 2.0514833992805572)	(6.0, 1.5567511398274751)	(7.0, 1.322848940900279)	(8.0, 1.0844202613371534)	(9.0, 0.9572852219894229)	('>10', 16.01427140049094)	('>50', 7.476266546863351)	('>100', 19.49331466702216)	('>500', 7.645258859311871)	('>1k', 9.345896887252009)	('>5k', 0.7288557748269128)	('>10k+', 0.11532588681349068)
MSD-5-RNASeq030-Ilmn-mRNA_S5_L001_R2_paired	(1.0, 20.568956523347712)	(2.0, 7.7252309418883005)	(3.0, 3.9915585732565537)	(4.0, 2.4584307048115326)	(5.0, 1.859036804130433)	(6.0, 1.5203620580949266)	(7.0, 1.2836140330331025)	(8.0, 1.1433807985708617)	(9.0, 0.9870756367036863)	('>10', 17.305334278810683)	('>50', 9.07261677714674)	('>100', 20.764297934597845)	('>500', 6.211319697144873)	('>1k', 4.926224585411901)	('>5k', 0.13017435853410508)	('>10k+', 0.05238629451674601)
MSD-6-RNASeq030-Ilmn-mRNA_S6_L001_R1_paired	(1.0, 11.092267216562973)	(2.0, 7.376329936452386)	(3.0, 5.139158755730028)	(4.0, 3.3915996801786212)	(5.0, 2.3846575587328265)	(6.0, 1.7993321158172666)	(7.0, 1.4706336384291954)	(8.0, 1.2147882908448677)	(9.0, 1.0698947010336115)	('>10', 16.61058117776815)	('>50', 7.970813629344509)	('>100', 20.728982427965114)	('>500', 7.971713209688786)	('>1k', 10.302571317542572)	('>5k', 1.153640392591181)	('>10k+', 0.32303595131767704)
MSD-6-RNASeq030-Ilmn-mRNA_S6_L001_R2_paired	(1.0, 14.435405156372557)	(2.0, 7.918550589105283)	(3.0, 4.739349525167766)	(4.0, 3.057287697973877)	(5.0, 2.2030073532093257)	(6.0, 1.6500480143019989)	(7.0, 1.380631041143594)	(8.0, 1.1754908336252428)	(9.0, 1.048961085812253)	('>10', 17.89892015746747)	('>50', 9.362172788421997)	('>100', 22.470134342277593)	('>500', 7.15496573637833)	('>1k', 5.217971592984672)	('>5k', 0.20912938435574926)	('>10k+', 0.07797470140227972)
MSD-7-RNASeq030-Ilmn-mRNA_S7_L001_R1_paired	(1.0, 16.341725305893416)	(2.0, 7.475786213030721)	(3.0, 3.9426824656219397)	(4.0, 2.5027806349766033)	(5.0, 1.9084537317751677)	(6.0, 1.4794676081025382)	(7.0, 1.2210563011428572)	(8.0, 1.0644888362105607)	(9.0, 0.9174463574771295)	('>10', 14.784808802738647)	('>50', 7.260618561934631)	('>100', 20.206712927415225)	('>500', 8.204988854869887)	('>1k', 10.402742375738491)	('>5k', 1.8103898387120703)	('>10k+', 0.4758511843601457)
MSD-7-RNASeq030-Ilmn-mRNA_S7_L001_R2_paired	(1.0, 18.89509511703128)	(2.0, 7.436222988997822)	(3.0, 3.9995097436668403)	(4.0, 2.3679608140367088)	(5.0, 1.815810341582253)	(6.0, 1.4213966492701968)	(7.0, 1.1893137504975253)	(8.0, 1.0598737676223329)	(9.0, 0.9103826346446214)	('>10', 16.16536152754503)	('>50', 8.93034110737117)	('>100', 21.865061096457712)	('>500', 7.2037374860348935)	('>1k', 6.304230784214497)	('>5k', 0.3869426687710829)	('>10k+', 0.04875952225616776)
MSD-8-RNASeq030-Ilmn-mRNA_S8_L001_R1_paired	(1.0, 18.673050552668148)	(2.0, 7.488109886579913)	(3.0, 4.034122714261465)	(4.0, 2.514984779702581)	(5.0, 1.81606491064812)	(6.0, 1.4990797113440553)	(7.0, 1.3046179749895601)	(8.0, 1.0278991956671655)	(9.0, 0.9656215310080472)	('>10', 15.283374542991709)	('>50', 7.746601481141719)	('>100', 19.566766452253475)	('>500', 7.285205210091431)	('>1k', 8.91099847028619)	('>5k', 1.100069551038153)	('>10k+', 0.7834330353282354)
MSD-8-RNASeq030-Ilmn-mRNA_S8_L001_R2_paired	(1.0, 16.801533444164424)	(2.0, 7.232101806583693)	(3.0, 3.8462441753577306)	(4.0, 2.3790954786788294)	(5.0, 1.9114050138027947)	(6.0, 1.4958285645686689)	(7.0, 1.2265665191015824)	(8.0, 1.0915634317640648)	(9.0, 0.9880796946973058)	('>10', 16.822819385411343)	('>50', 9.113391144311576)	('>100', 22.373252345518125)	('>500', 7.3763042274714845)	('>1k', 6.966895425249383)	('>5k', 0.2601653981885131)	('>10k+', 0.11475394513035639)
MSD-9-RNASeq030-Ilmn-mRNA_S9_L001_R1_paired	(1.0, 18.660331622321618)	(2.0, 6.396493785056019)	(3.0, 3.2649585743010285)	(4.0, 2.2018241755477224)	(5.0, 1.6690020062018405)	(6.0, 1.3262222459271558)	(7.0, 1.1550931885163118)	(8.0, 1.0478899968234576)	(9.0, 0.9202309415387083)	('>10', 15.185983114393512)	('>50', 7.695085292507793)	('>100', 20.571764284466173)	('>500', 8.28891071677778)	('>1k', 10.111225853224278)	('>5k', 1.3098817798821782)	('>10k+', 0.19510242251447046)
MSD-9-RNASeq030-Ilmn-mRNA_S9_L001_R2_paired	(1.0, 20.150608385588427)	(2.0, 6.294485353821674)	(3.0, 3.200220855000724)	(4.0, 2.1229250110371924)	(5.0, 1.661289953565604)	(6.0, 1.3823675454583173)	(7.0, 1.1991994414360547)	(8.0, 1.0774291318115694)	(9.0, 0.9153393710093716)	('>10', 16.317009930451217)	('>50', 9.013285152365448)	('>100', 22.05625029713449)	('>500', 7.336341942110631)	('>1k', 6.769008534403877)	('>5k', 0.2900624140300774)	('>10k+', 0.2141766807752907)
